0.000000000000000000e+00,8.698489476442337320e+01
1.000000000000000000e+00,3.856481292645137415e+01
2.000000000000000000e+00,7.539895612001418002e+00
3.000000000000000000e+00,4.937262141704559681e+00
4.000000000000000000e+00,6.025587897499403489e+00
5.000000000000000000e+00,1.215708972066640747e+01
6.000000000000000000e+00,1.021783119638760695e+01
7.000000000000000000e+00,3.160126077135404721e+00
8.000000000000000000e+00,2.163308696945508647e+00
9.000000000000000000e+00,1.993347971638043781e+00
1.000000000000000000e+01,1.459327528377374117e+00
1.100000000000000000e+01,1.436333124339580714e+00
1.200000000000000000e+01,2.186441798706849582e+01
1.300000000000000000e+01,1.488068250616391630e+01
1.400000000000000000e+01,2.556782995661100344e+00
1.500000000000000000e+01,2.191340832908948766e+00
1.600000000000000000e+01,1.442182038227716845e+00
1.700000000000000000e+01,1.257828815778096354e+00
1.800000000000000000e+01,1.117624965310096918e+00
1.900000000000000000e+01,1.005928053458531757e+00
2.000000000000000000e+01,9.029287427663804655e-01
2.100000000000000000e+01,8.304115782181422656e-01
2.200000000000000000e+01,7.469486435254414358e-01
2.300000000000000000e+01,6.942965636650720862e-01
2.400000000000000000e+01,6.417632644375167450e-01
2.500000000000000000e+01,5.980611413717268343e-01
2.600000000000000000e+01,5.351640750964482551e-01
2.700000000000000000e+01,5.027882734934489006e-01
2.800000000000000000e+01,4.674565563599269447e-01
2.900000000000000000e+01,4.369680186112721576e-01
3.000000000000000000e+01,4.068110177914300296e-01
3.100000000000000000e+01,3.797947456439334513e-01
3.200000000000000000e+01,3.592499439915022297e-01
3.300000000000000000e+01,3.364875162641206563e-01
3.400000000000000000e+01,3.195117339491845287e-01
3.500000000000000000e+01,3.024828026692072402e-01
3.600000000000000000e+01,2.878346900145213327e-01
3.700000000000000000e+01,2.761409322420755319e-01
3.800000000000000000e+01,2.609565881391366360e-01
3.900000000000000000e+01,2.507020192841688533e-01
4.000000000000000000e+01,2.410103164613246751e-01
4.100000000000000000e+01,2.310454746087391986e-01
4.200000000000000000e+01,2.222017156581083952e-01
4.300000000000000000e+01,2.133035960296790212e-01
4.400000000000000000e+01,2.054784230887889696e-01
4.500000000000000000e+01,1.979313793281713418e-01
4.600000000000000000e+01,1.904447312156358763e-01
4.700000000000000000e+01,1.836458312968412832e-01
4.800000000000000000e+01,1.766902938485145902e-01
4.900000000000000000e+01,1.701925769448279779e-01
5.000000000000000000e+01,1.643571384251117928e-01
5.100000000000000000e+01,1.589892290532588792e-01
5.200000000000000000e+01,1.538388602435588615e-01
5.300000000000000000e+01,1.489216593404611433e-01
5.400000000000000000e+01,1.444028993447621922e-01
5.500000000000000000e+01,1.401103203495343841e-01
5.600000000000000000e+01,1.359426942964394591e-01
5.700000000000000000e+01,1.319472367564837323e-01
5.800000000000000000e+01,1.280889987945556530e-01
5.900000000000000000e+01,1.243299188713232611e-01
6.000000000000000000e+01,1.206487337748209515e-01
6.100000000000000000e+01,1.171377789229154642e-01
6.200000000000000000e+01,1.137226223945618092e-01
6.300000000000000000e+01,1.103435295323530879e-01
6.400000000000000000e+01,1.071159041176239918e-01
6.500000000000000000e+01,1.039674202601114789e-01
6.600000000000000000e+01,1.009482304255167745e-01
6.700000000000000000e+01,9.823898896574974338e-02
6.800000000000000000e+01,9.566503105064234902e-02
6.900000000000000000e+01,9.317603992919129552e-02
7.000000000000000000e+01,9.071345416208106971e-02
7.100000000000000000e+01,8.833413732548556219e-02
7.200000000000000000e+01,8.605062638719873647e-02
7.300000000000000000e+01,8.376712712148827455e-02
7.400000000000000000e+01,8.159782141447068093e-02
7.500000000000000000e+01,7.944766531387963127e-02
7.600000000000000000e+01,7.738394190867742273e-02
7.700000000000000000e+01,7.536064696808654484e-02
7.800000000000000000e+01,7.339146696031094430e-02
7.900000000000000000e+01,7.146817905207475397e-02
8.000000000000000000e+01,6.960095899800458619e-02
8.100000000000000000e+01,6.777529853085675904e-02
8.200000000000000000e+01,6.601701267063615763e-02
8.300000000000000000e+01,6.433542010684807633e-02
8.400000000000000000e+01,6.278949913879237898e-02
8.500000000000000000e+01,6.130172424018384691e-02
8.600000000000000000e+01,5.983602696408826804e-02
8.700000000000000000e+01,5.842712366332609986e-02
8.800000000000000000e+01,5.704703281323116049e-02
8.900000000000000000e+01,5.568445896108947107e-02
9.000000000000000000e+01,5.436478940149148953e-02
9.100000000000000000e+01,5.307229540000360513e-02
9.200000000000000000e+01,5.182086682567995511e-02
9.300000000000000000e+01,5.059803569068511281e-02
9.400000000000000000e+01,4.939559896787007465e-02
9.500000000000000000e+01,4.823625888675452111e-02
9.600000000000000000e+01,4.710262063890694600e-02
9.700000000000000000e+01,4.598903066168229248e-02
9.800000000000000000e+01,4.491641266892353740e-02
9.900000000000000000e+01,4.386135010669630491e-02
1.000000000000000000e+02,4.286995902657508850e-02
1.010000000000000000e+02,4.194739007701477063e-02
1.020000000000000000e+02,4.103715295592943318e-02
1.030000000000000000e+02,4.014738642921050066e-02
1.040000000000000000e+02,3.928227530171474885e-02
1.050000000000000000e+02,3.844131249934433503e-02
1.060000000000000000e+02,3.761611462881166851e-02
1.070000000000000000e+02,3.680329589794080480e-02
1.080000000000000000e+02,3.601050103704134947e-02
1.090000000000000000e+02,3.523786285271247876e-02
1.100000000000000000e+02,3.448897625009218065e-02
1.110000000000000000e+02,3.375409493843712500e-02
1.120000000000000000e+02,3.303178716450930891e-02
1.130000000000000000e+02,3.233235087245702605e-02
1.140000000000000000e+02,3.165284780164559497e-02
1.150000000000000000e+02,3.098072853560250237e-02
1.160000000000000000e+02,3.032499284793933186e-02
1.170000000000000000e+02,2.972398546213904716e-02
1.180000000000000000e+02,2.914208061993122170e-02
1.190000000000000000e+02,2.856793707857529022e-02
1.200000000000000000e+02,2.800650568678975105e-02
1.210000000000000000e+02,2.746267747133970816e-02
1.220000000000000000e+02,2.693176244695982130e-02
1.230000000000000000e+02,2.641199330488839744e-02
1.240000000000000000e+02,2.590342015028000711e-02
1.250000000000000000e+02,2.539738879228631632e-02
1.260000000000000000e+02,2.491197797159354355e-02
1.270000000000000000e+02,2.443961454555393029e-02
1.280000000000000000e+02,2.396689901749292709e-02
1.290000000000000000e+02,2.352308764432866836e-02
1.300000000000000000e+02,2.306561963632702134e-02
1.310000000000000000e+02,2.263731239363551972e-02
1.320000000000000000e+02,2.221651204551260139e-02
1.330000000000000000e+02,2.180817614619931510e-02
1.340000000000000000e+02,2.142289802432060034e-02
1.350000000000000000e+02,2.104774468267957624e-02
1.360000000000000000e+02,2.067743415633837081e-02
1.370000000000000000e+02,2.032448938116431306e-02
1.380000000000000000e+02,1.997768341874081935e-02
1.390000000000000000e+02,1.963155486931404681e-02
1.400000000000000000e+02,1.929439740876356946e-02
1.410000000000000000e+02,1.896775458008051474e-02
1.420000000000000000e+02,1.864537792280316492e-02
1.430000000000000000e+02,1.833643487965067043e-02
1.440000000000000000e+02,1.802408592775464266e-02
1.450000000000000000e+02,1.773142640789349481e-02
1.460000000000000000e+02,1.743773510679602623e-02
1.470000000000000000e+02,1.715316769356529589e-02
1.480000000000000000e+02,1.687340056523680201e-02
1.490000000000000000e+02,1.659482571606834753e-02
1.500000000000000000e+02,1.633993064363797529e-02
1.510000000000000000e+02,1.609856466141839845e-02
1.520000000000000000e+02,1.584673291072249968e-02
1.530000000000000000e+02,1.561407842673361197e-02
1.540000000000000000e+02,1.539180398297806257e-02
1.550000000000000000e+02,1.515575105634828397e-02
1.560000000000000000e+02,1.493883648266394575e-02
1.570000000000000000e+02,1.472661842902501378e-02
1.580000000000000000e+02,1.451780923331776746e-02
1.590000000000000000e+02,1.431839759461581499e-02
1.600000000000000000e+02,1.410634123409788485e-02
1.610000000000000000e+02,1.390578721960385525e-02
1.620000000000000000e+02,1.372309266589582036e-02
1.630000000000000000e+02,1.353635423195858820e-02
1.640000000000000000e+02,1.335706186170379506e-02
1.650000000000000000e+02,1.318482190060118325e-02
1.660000000000000000e+02,1.300790305249393056e-02
1.670000000000000000e+02,1.282754504742721589e-02
1.680000000000000000e+02,1.267599052128692318e-02
1.690000000000000000e+02,1.252589908738931286e-02
1.700000000000000000e+02,1.237679504168530224e-02
1.710000000000000000e+02,1.223317141023774757e-02
1.720000000000000000e+02,1.208774504872659784e-02
1.730000000000000000e+02,1.194943934679031268e-02
1.740000000000000000e+02,1.181659743500252172e-02
1.750000000000000000e+02,1.169199342839419807e-02
1.760000000000000000e+02,1.155342333950102295e-02
1.770000000000000000e+02,1.142638353630900591e-02
1.780000000000000000e+02,1.131289581147333113e-02
1.790000000000000000e+02,1.118008221189180883e-02
1.800000000000000000e+02,1.107045803219080041e-02
1.810000000000000000e+02,1.095810852323968881e-02
1.820000000000000000e+02,1.085856123827397789e-02
1.830000000000000000e+02,1.074404163906971660e-02
1.840000000000000000e+02,1.063921507447958097e-02
1.850000000000000000e+02,1.055299358752866297e-02
1.860000000000000000e+02,1.045694472268223624e-02
1.870000000000000000e+02,1.036264272406697308e-02
1.880000000000000000e+02,1.027575732829670747e-02
1.890000000000000000e+02,1.019702039969464478e-02
1.900000000000000000e+02,1.011892318104704210e-02
1.910000000000000000e+02,1.003511476640899652e-02
1.920000000000000000e+02,9.947405305380623008e-03
1.930000000000000000e+02,9.880775275329746477e-03
1.940000000000000000e+02,9.816957063352069537e-03
1.950000000000000000e+02,9.750626453508931882e-03
1.960000000000000000e+02,9.668638557195663105e-03
1.970000000000000000e+02,9.606010140851139675e-03
1.980000000000000000e+02,9.545793492967883861e-03
1.990000000000000000e+02,9.499261636907854744e-03
2.000000000000000000e+02,9.421954800685247017e-03
2.010000000000000000e+02,9.368485258892181311e-03
2.020000000000000000e+02,9.311675000935793270e-03
2.030000000000000000e+02,9.271402393157282540e-03
2.040000000000000000e+02,9.230269740025200120e-03
2.050000000000000000e+02,9.165719112691778775e-03
2.060000000000000000e+02,9.124557324685159121e-03
2.070000000000000000e+02,9.091880265623330723e-03
2.080000000000000000e+02,9.035526115136844824e-03
2.090000000000000000e+02,9.007159038446841889e-03
2.100000000000000000e+02,8.968445992407703127e-03
2.110000000000000000e+02,8.935147438508766679e-03
2.120000000000000000e+02,8.889500851122042469e-03
2.130000000000000000e+02,8.863530005328355485e-03
2.140000000000000000e+02,8.832084053816894112e-03
2.150000000000000000e+02,8.799425854037206882e-03
2.160000000000000000e+02,8.774203124145668956e-03
2.170000000000000000e+02,8.736588433384895672e-03
2.180000000000000000e+02,8.715991443023084553e-03
2.190000000000000000e+02,8.684772509150204961e-03
2.200000000000000000e+02,8.668880273277562373e-03
2.210000000000000000e+02,8.652753794255356803e-03
2.220000000000000000e+02,8.632294414564967849e-03
2.230000000000000000e+02,8.607736928388474984e-03
2.240000000000000000e+02,8.586885205780464547e-03
2.250000000000000000e+02,8.575756583983696821e-03
2.260000000000000000e+02,8.552383321026962165e-03
2.270000000000000000e+02,8.549374955085415478e-03
2.280000000000000000e+02,8.524676257123550011e-03
2.290000000000000000e+02,8.512639192243416295e-03
2.300000000000000000e+02,8.502743206918241328e-03
2.310000000000000000e+02,8.482233900576827135e-03
2.320000000000000000e+02,8.466356247663496884e-03
2.330000000000000000e+02,8.457945271705590018e-03
2.340000000000000000e+02,8.438791179408626150e-03
2.350000000000000000e+02,8.446873988335330818e-03
2.360000000000000000e+02,8.426135545596482451e-03
2.370000000000000000e+02,8.411489559027054974e-03
2.380000000000000000e+02,8.411975003158054034e-03
2.390000000000000000e+02,8.410730787242453460e-03
2.400000000000000000e+02,8.402977332783240910e-03
2.410000000000000000e+02,8.406835872059068709e-03
2.420000000000000000e+02,8.389880314158897415e-03
2.430000000000000000e+02,8.377679662468532143e-03
2.440000000000000000e+02,8.382125680024426345e-03
2.450000000000000000e+02,8.374583899664379133e-03
2.460000000000000000e+02,8.377787129332622124e-03
2.470000000000000000e+02,8.369695139117540317e-03
2.480000000000000000e+02,8.366968979438147574e-03
2.490000000000000000e+02,8.368680618392927012e-03
2.500000000000000000e+02,8.351361231567964311e-03
2.510000000000000000e+02,8.368185798948012122e-03
2.520000000000000000e+02,8.355241105891763470e-03
2.530000000000000000e+02,8.347098901867869292e-03
2.540000000000000000e+02,8.348021229418614922e-03
2.550000000000000000e+02,8.345493309510249730e-03
2.560000000000000000e+02,8.340748733219998864e-03
2.570000000000000000e+02,8.351754575657347607e-03
2.580000000000000000e+02,8.349910704419016491e-03
2.590000000000000000e+02,8.358090852076810462e-03
2.600000000000000000e+02,8.335632807575162062e-03
2.610000000000000000e+02,8.338165314247207929e-03
2.620000000000000000e+02,8.347040275111791002e-03
2.630000000000000000e+02,8.333778521046041401e-03
2.640000000000000000e+02,8.354432826551299804e-03
2.650000000000000000e+02,8.344479301013053157e-03
2.660000000000000000e+02,8.341333091569444122e-03
2.670000000000000000e+02,8.342467799472310513e-03
2.680000000000000000e+02,8.342219454546769691e-03
2.690000000000000000e+02,8.346024566950892981e-03
2.700000000000000000e+02,8.336205027687051614e-03
2.710000000000000000e+02,8.348486665636303469e-03
2.720000000000000000e+02,8.347839016156892791e-03
2.730000000000000000e+02,8.343101727465789333e-03
2.740000000000000000e+02,8.337926841340961154e-03
2.750000000000000000e+02,8.337936915146806210e-03
2.760000000000000000e+02,8.339608685734372154e-03
2.770000000000000000e+02,8.345406843970219757e-03
2.780000000000000000e+02,8.335364167578516656e-03
2.790000000000000000e+02,8.342975750565527135e-03
2.800000000000000000e+02,8.347944581570721639e-03
2.810000000000000000e+02,8.345829742029310314e-03
2.820000000000000000e+02,8.356252227288984286e-03
2.830000000000000000e+02,8.357327322786050824e-03
2.840000000000000000e+02,8.333686025192339406e-03
2.850000000000000000e+02,8.349009254015984580e-03
2.860000000000000000e+02,8.335856689761080712e-03
2.870000000000000000e+02,8.341512541907528111e-03
2.880000000000000000e+02,8.338261550913253842e-03
2.890000000000000000e+02,8.338636951521040744e-03
2.900000000000000000e+02,8.354590018279850136e-03
2.910000000000000000e+02,8.340086516303321304e-03
2.920000000000000000e+02,8.332176754872005348e-03
2.930000000000000000e+02,8.346330514177678628e-03
2.940000000000000000e+02,8.340719784609974125e-03
2.950000000000000000e+02,8.360216456154980283e-03
2.960000000000000000e+02,8.341789905292294749e-03
2.970000000000000000e+02,8.354395201119281522e-03
2.980000000000000000e+02,8.335408583904304128e-03
2.990000000000000000e+02,8.355508480841917704e-03
