0.000000000000000000e+00,7.420079398751256861e+01
1.000000000000000000e+00,4.290959952274957345e+01
2.000000000000000000e+00,7.904975624879203799e+00
3.000000000000000000e+00,4.736303996046384412e+00
4.000000000000000000e+00,7.084693233668803103e+00
5.000000000000000000e+00,1.101565718551476891e+01
6.000000000000000000e+00,9.955395190417766216e+00
7.000000000000000000e+00,2.729754526913166668e+00
8.000000000000000000e+00,1.981314926842848045e+00
9.000000000000000000e+00,1.782156807184219538e+00
1.000000000000000000e+01,1.423996874690055536e+00
1.100000000000000000e+01,1.260158779720465194e+00
1.200000000000000000e+01,1.739580131098627902e+01
1.300000000000000000e+01,1.354211529543002435e+01
1.400000000000000000e+01,2.602045296132564633e+00
1.500000000000000000e+01,1.949113486707210186e+00
1.600000000000000000e+01,1.197342816491921758e+00
1.700000000000000000e+01,1.024421515067418298e+00
1.800000000000000000e+01,8.933103049794831607e-01
1.900000000000000000e+01,7.770071789622305936e-01
2.000000000000000000e+01,6.866754914323488501e-01
2.100000000000000000e+01,6.204278394579890721e-01
2.200000000000000000e+01,5.490431626637775064e-01
2.300000000000000000e+01,4.972061241666476117e-01
2.400000000000000000e+01,4.568451243142288010e-01
2.500000000000000000e+01,4.204910546541214544e-01
2.600000000000000000e+01,3.612791217863559057e-01
2.700000000000000000e+01,3.320841295023759798e-01
2.800000000000000000e+01,3.056805357336997431e-01
2.900000000000000000e+01,2.805719345808029286e-01
3.000000000000000000e+01,2.584735520184040514e-01
3.100000000000000000e+01,2.362951524555682581e-01
3.200000000000000000e+01,2.271595751245817363e-01
3.300000000000000000e+01,2.052171396712461904e-01
3.400000000000000000e+01,1.931111708283424488e-01
3.500000000000000000e+01,1.810411376257737570e-01
3.600000000000000000e+01,1.687768635650475635e-01
3.700000000000000000e+01,1.604572134713331821e-01
3.800000000000000000e+01,1.507933184504509083e-01
3.900000000000000000e+01,1.434163836141427173e-01
4.000000000000000000e+01,1.375008508563041187e-01
4.100000000000000000e+01,1.309862782557805194e-01
4.200000000000000000e+01,1.255745220929384565e-01
4.300000000000000000e+01,1.200110852718353355e-01
4.400000000000000000e+01,1.154383644461631914e-01
4.500000000000000000e+01,1.109482398877540688e-01
4.600000000000000000e+01,1.064860692868630221e-01
4.700000000000000000e+01,1.025058591117461587e-01
4.800000000000000000e+01,9.845512794951601088e-02
4.900000000000000000e+01,9.457273011406262808e-02
5.000000000000000000e+01,9.116857610642908893e-02
5.100000000000000000e+01,8.801255424817400197e-02
5.200000000000000000e+01,8.492823032041389719e-02
5.300000000000000000e+01,8.209282209475834979e-02
5.400000000000000000e+01,7.948969826102257608e-02
5.500000000000000000e+01,7.709369088212648935e-02
5.600000000000000000e+01,7.481344031790891635e-02
5.700000000000000000e+01,7.258055185278255994e-02
5.800000000000000000e+01,7.046758284171421305e-02
5.900000000000000000e+01,6.843294650316236738e-02
6.000000000000000000e+01,6.638034656643866660e-02
6.100000000000000000e+01,6.446984919408957349e-02
6.200000000000000000e+01,6.256051628539960330e-02
6.300000000000000000e+01,6.071447891493638588e-02
6.400000000000000000e+01,5.892512388527391259e-02
6.500000000000000000e+01,5.718464801708857820e-02
6.600000000000000000e+01,5.552550790210564191e-02
6.700000000000000000e+01,5.403868841628235720e-02
6.800000000000000000e+01,5.262835249304771701e-02
6.900000000000000000e+01,5.126389979074397196e-02
7.000000000000000000e+01,4.990343016882738125e-02
7.100000000000000000e+01,4.859048084666332118e-02
7.200000000000000000e+01,4.734659393628438268e-02
7.300000000000000000e+01,4.609265712400278936e-02
7.400000000000000000e+01,4.489381679644186690e-02
7.500000000000000000e+01,4.371575377881525837e-02
7.600000000000000000e+01,4.258471094071863972e-02
7.700000000000000000e+01,4.147984106093646761e-02
7.800000000000000000e+01,4.039877740045389604e-02
7.900000000000000000e+01,3.935164082795381685e-02
8.000000000000000000e+01,3.832398497809966220e-02
8.100000000000000000e+01,3.732989802956581532e-02
8.200000000000000000e+01,3.637435864657163204e-02
8.300000000000000000e+01,3.545714654028415957e-02
8.400000000000000000e+01,3.461171705275774974e-02
8.500000000000000000e+01,3.378879465162754059e-02
8.600000000000000000e+01,3.300015802184740055e-02
8.700000000000000000e+01,3.222338507572809763e-02
8.800000000000000000e+01,3.146200422197580060e-02
8.900000000000000000e+01,3.072821088135243087e-02
9.000000000000000000e+01,3.000537284339467939e-02
9.100000000000000000e+01,2.930081235244869423e-02
9.200000000000000000e+01,2.862347969785332402e-02
9.300000000000000000e+01,2.795887986818950191e-02
9.400000000000000000e+01,2.729842352370421069e-02
9.500000000000000000e+01,2.667151882002751287e-02
9.600000000000000000e+01,2.605199121559659270e-02
9.700000000000000000e+01,2.544426110883553360e-02
9.800000000000000000e+01,2.485839261983831955e-02
9.900000000000000000e+01,2.428533937782048971e-02
1.000000000000000000e+02,2.374903994301955090e-02
1.010000000000000000e+02,2.324140667915345140e-02
1.020000000000000000e+02,2.274894236276547160e-02
1.030000000000000000e+02,2.227127030491829127e-02
1.040000000000000000e+02,2.179414856558045330e-02
1.050000000000000000e+02,2.133221343780557916e-02
1.060000000000000000e+02,2.088293898850679745e-02
1.070000000000000000e+02,2.044677346323926434e-02
1.080000000000000000e+02,2.001942976688345782e-02
1.090000000000000000e+02,1.959896494324009017e-02
1.100000000000000000e+02,1.919273429860671523e-02
1.110000000000000000e+02,1.879410818219184529e-02
1.120000000000000000e+02,1.840502467627326555e-02
1.130000000000000000e+02,1.802299041301012872e-02
1.140000000000000000e+02,1.765709922959407194e-02
1.150000000000000000e+02,1.729447025184830192e-02
1.160000000000000000e+02,1.694526948655644683e-02
1.170000000000000000e+02,1.662086891010403425e-02
1.180000000000000000e+02,1.630128721396128383e-02
1.190000000000000000e+02,1.599696969302992142e-02
1.200000000000000000e+02,1.569256771666307712e-02
1.210000000000000000e+02,1.539573728417357144e-02
1.220000000000000000e+02,1.511432665089766647e-02
1.230000000000000000e+02,1.483626822009682759e-02
1.240000000000000000e+02,1.455813262922068217e-02
1.250000000000000000e+02,1.429192108723024816e-02
1.260000000000000000e+02,1.403197337252398355e-02
1.270000000000000000e+02,1.377550638280809238e-02
1.280000000000000000e+02,1.352677359245717595e-02
1.290000000000000000e+02,1.328343000883857282e-02
1.300000000000000000e+02,1.304546883329749454e-02
1.310000000000000000e+02,1.281464362206558710e-02
1.320000000000000000e+02,1.258797196981807989e-02
1.330000000000000000e+02,1.237103044986724749e-02
1.340000000000000000e+02,1.216816880429784364e-02
1.350000000000000000e+02,1.196654262021184037e-02
1.360000000000000000e+02,1.177329101289311883e-02
1.370000000000000000e+02,1.158669806706408636e-02
1.380000000000000000e+02,1.139884758740663563e-02
1.390000000000000000e+02,1.122005154999593940e-02
1.400000000000000000e+02,1.104330398763219735e-02
1.410000000000000000e+02,1.086935829371213878e-02
1.420000000000000000e+02,1.070372555404901400e-02
1.430000000000000000e+02,1.054078734790285000e-02
1.440000000000000000e+02,1.037983810529112538e-02
1.450000000000000000e+02,1.022667024905482905e-02
1.460000000000000000e+02,1.007506952931483749e-02
1.470000000000000000e+02,9.926622686907650081e-03
1.480000000000000000e+02,9.782915655523537896e-03
1.490000000000000000e+02,9.634883763889471112e-03
1.500000000000000000e+02,9.501053796460229989e-03
1.510000000000000000e+02,9.376069763675333804e-03
1.520000000000000000e+02,9.254750236868856950e-03
1.530000000000000000e+02,9.133630152791736082e-03
1.540000000000000000e+02,9.019477898254992659e-03
1.550000000000000000e+02,8.898880627627173828e-03
1.560000000000000000e+02,8.785685772697128179e-03
1.570000000000000000e+02,8.676838347067436508e-03
1.580000000000000000e+02,8.571464428678156333e-03
1.590000000000000000e+02,8.470922227328021512e-03
1.600000000000000000e+02,8.371631925304727842e-03
1.610000000000000000e+02,8.266142934250333973e-03
1.620000000000000000e+02,8.178695795747141506e-03
1.630000000000000000e+02,8.083750152339537476e-03
1.640000000000000000e+02,7.998674355136851238e-03
1.650000000000000000e+02,7.909552357159553918e-03
1.660000000000000000e+02,7.825978628049293923e-03
1.670000000000000000e+02,7.742116576991976175e-03
1.680000000000000000e+02,7.663207928029197764e-03
1.690000000000000000e+02,7.596009535094101761e-03
1.700000000000000000e+02,7.520205395606656233e-03
1.710000000000000000e+02,7.451166934333741838e-03
1.720000000000000000e+02,7.386361947283150500e-03
1.730000000000000000e+02,7.318174016351498487e-03
1.740000000000000000e+02,7.258908900742729216e-03
1.750000000000000000e+02,7.202169229276479331e-03
1.760000000000000000e+02,7.142082718200981444e-03
1.770000000000000000e+02,7.083873450756074039e-03
1.780000000000000000e+02,7.031507021747529333e-03
1.790000000000000000e+02,6.978684733621775931e-03
1.800000000000000000e+02,6.924264955644805764e-03
1.810000000000000000e+02,6.877736064294972737e-03
1.820000000000000000e+02,6.832022219896314794e-03
1.830000000000000000e+02,6.788324944985410329e-03
1.840000000000000000e+02,6.741661415435374824e-03
1.850000000000000000e+02,6.703552921923498255e-03
1.860000000000000000e+02,6.666464055888352523e-03
1.870000000000000000e+02,6.625370712329945247e-03
1.880000000000000000e+02,6.591449615856009511e-03
1.890000000000000000e+02,6.563330690066020850e-03
1.900000000000000000e+02,6.533181900158526595e-03
1.910000000000000000e+02,6.507232800746953934e-03
1.920000000000000000e+02,6.470299186185004582e-03
1.930000000000000000e+02,6.443531477513410495e-03
1.940000000000000000e+02,6.420147799265882825e-03
1.950000000000000000e+02,6.402758051020405496e-03
1.960000000000000000e+02,6.376427412033079146e-03
1.970000000000000000e+02,6.348657910712061925e-03
1.980000000000000000e+02,6.334205010595421979e-03
1.990000000000000000e+02,6.318273038292927107e-03
2.000000000000000000e+02,6.301295182978114591e-03
2.010000000000000000e+02,6.275970993253092260e-03
2.020000000000000000e+02,6.270505674183368856e-03
2.030000000000000000e+02,6.258386823659142090e-03
2.040000000000000000e+02,6.241706906196971272e-03
2.050000000000000000e+02,6.242415223581097503e-03
2.060000000000000000e+02,6.217072453970707950e-03
2.070000000000000000e+02,6.212321653341255044e-03
2.080000000000000000e+02,6.212766437480849065e-03
2.090000000000000000e+02,6.196114451934890514e-03
2.100000000000000000e+02,6.192921396965781096e-03
2.110000000000000000e+02,6.191888831866284616e-03
2.120000000000000000e+02,6.187427098241944645e-03
2.130000000000000000e+02,6.181831324162581805e-03
2.140000000000000000e+02,6.185479407819606881e-03
2.150000000000000000e+02,6.181384452308215025e-03
2.160000000000000000e+02,6.182401704912382501e-03
2.170000000000000000e+02,6.174526417938371904e-03
2.180000000000000000e+02,6.176076301683981577e-03
2.190000000000000000e+02,6.179868918843566157e-03
2.200000000000000000e+02,6.172765512019397563e-03
2.210000000000000000e+02,6.186530133709310965e-03
2.220000000000000000e+02,6.190465165612598318e-03
2.230000000000000000e+02,6.197675659010808309e-03
2.240000000000000000e+02,6.194180971942843568e-03
2.250000000000000000e+02,6.204703977952400265e-03
2.260000000000000000e+02,6.212626025080682061e-03
2.270000000000000000e+02,6.216086982749403564e-03
2.280000000000000000e+02,6.223311950452625058e-03
2.290000000000000000e+02,6.230825201297800209e-03
2.300000000000000000e+02,6.231746713941293918e-03
2.310000000000000000e+02,6.241384265013037551e-03
2.320000000000000000e+02,6.253644335083665719e-03
2.330000000000000000e+02,6.249804701656102440e-03
2.340000000000000000e+02,6.265832258698843422e-03
2.350000000000000000e+02,6.262386132342120763e-03
2.360000000000000000e+02,6.281603826209901896e-03
2.370000000000000000e+02,6.281600589863957189e-03
2.380000000000000000e+02,6.290716274331015385e-03
2.390000000000000000e+02,6.304998494063814192e-03
2.400000000000000000e+02,6.316411821171641176e-03
2.410000000000000000e+02,6.333142014530800112e-03
2.420000000000000000e+02,6.338953265609840147e-03
2.430000000000000000e+02,6.340036044518153335e-03
2.440000000000000000e+02,6.349808877954879992e-03
2.450000000000000000e+02,6.367928418330847523e-03
2.460000000000000000e+02,6.372747671169538136e-03
2.470000000000000000e+02,6.389924736383061250e-03
2.480000000000000000e+02,6.393726131257912275e-03
2.490000000000000000e+02,6.402195664122701559e-03
2.500000000000000000e+02,6.407781457528472120e-03
2.510000000000000000e+02,6.414679748316603515e-03
2.520000000000000000e+02,6.443249558409054958e-03
2.530000000000000000e+02,6.439712666906419192e-03
2.540000000000000000e+02,6.443766628702483380e-03
2.550000000000000000e+02,6.455152008372049173e-03
2.560000000000000000e+02,6.463168545936543406e-03
2.570000000000000000e+02,6.472547429924212052e-03
2.580000000000000000e+02,6.496010852667193775e-03
2.590000000000000000e+02,6.498186686076224024e-03
2.600000000000000000e+02,6.507900884995856602e-03
2.610000000000000000e+02,6.510700789901116212e-03
2.620000000000000000e+02,6.523840525187552669e-03
2.630000000000000000e+02,6.528559241754313368e-03
2.640000000000000000e+02,6.541248853318392883e-03
2.650000000000000000e+02,6.550929788500072133e-03
2.660000000000000000e+02,6.551748320149878430e-03
2.670000000000000000e+02,6.566462906387945074e-03
2.680000000000000000e+02,6.569771724753081625e-03
2.690000000000000000e+02,6.576044896307091554e-03
2.700000000000000000e+02,6.587616726756096407e-03
2.710000000000000000e+02,6.595686318663258017e-03
2.720000000000000000e+02,6.607431972709795938e-03
2.730000000000000000e+02,6.615621782839298075e-03
2.740000000000000000e+02,6.616739742457867710e-03
2.750000000000000000e+02,6.620152488661308274e-03
2.760000000000000000e+02,6.633287738077341296e-03
2.770000000000000000e+02,6.638953369110822157e-03
2.780000000000000000e+02,6.641987819845477335e-03
2.790000000000000000e+02,6.647158747849364266e-03
2.800000000000000000e+02,6.657147601557276625e-03
2.810000000000000000e+02,6.663429962160688155e-03
2.820000000000000000e+02,6.679206985669830510e-03
2.830000000000000000e+02,6.679066790578268645e-03
2.840000000000000000e+02,6.682125610920290615e-03
2.850000000000000000e+02,6.676405924372374491e-03
2.860000000000000000e+02,6.692297500558198886e-03
2.870000000000000000e+02,6.689071554380156791e-03
2.880000000000000000e+02,6.696506341298420588e-03
2.890000000000000000e+02,6.698947213590144938e-03
2.900000000000000000e+02,6.712044123560190201e-03
2.910000000000000000e+02,6.715572338240843701e-03
2.920000000000000000e+02,6.712535186670720057e-03
2.930000000000000000e+02,6.720241741277276602e-03
2.940000000000000000e+02,6.720791757106782047e-03
2.950000000000000000e+02,6.732707478416462797e-03
2.960000000000000000e+02,6.736046828640003710e-03
2.970000000000000000e+02,6.744496074194710269e-03
2.980000000000000000e+02,6.734843559873600512e-03
2.990000000000000000e+02,6.745728291571140810e-03
