0.000000000000000000e+00,9.718415368398029841e+01
1.000000000000000000e+00,3.008795123895009382e+01
2.000000000000000000e+00,8.490956083933513199e+00
3.000000000000000000e+00,4.925438802440960551e+00
4.000000000000000000e+00,6.816929097970327867e+00
5.000000000000000000e+00,1.163025362491607595e+01
6.000000000000000000e+00,9.982640760143594250e+00
7.000000000000000000e+00,3.648368930816649591e+00
8.000000000000000000e+00,2.151706991593043128e+00
9.000000000000000000e+00,2.003276580075423308e+00
1.000000000000000000e+01,1.507640842596689623e+00
1.100000000000000000e+01,1.436621159315109475e+00
1.200000000000000000e+01,2.329353501598039600e+01
1.300000000000000000e+01,1.435340273578961678e+01
1.400000000000000000e+01,2.652778857946395341e+00
1.500000000000000000e+01,2.151013522346814533e+00
1.600000000000000000e+01,1.453748688101768716e+00
1.700000000000000000e+01,1.279810953140258389e+00
1.800000000000000000e+01,1.133395235737164608e+00
1.900000000000000000e+01,1.019585945208867583e+00
2.000000000000000000e+01,9.204409331083301948e-01
2.100000000000000000e+01,8.358110621571540610e-01
2.200000000000000000e+01,7.496224880218502751e-01
2.300000000000000000e+01,7.027079423268636216e-01
2.400000000000000000e+01,6.469349121054013274e-01
2.500000000000000000e+01,5.999216521779695555e-01
2.600000000000000000e+01,5.433808495601016864e-01
2.700000000000000000e+01,5.044587373733521174e-01
2.800000000000000000e+01,4.723489830891292596e-01
2.900000000000000000e+01,4.407675306002298288e-01
3.000000000000000000e+01,4.065933311978976450e-01
3.100000000000000000e+01,3.846686715881030283e-01
3.200000000000000000e+01,3.648563633362452152e-01
3.300000000000000000e+01,3.374240184823671940e-01
3.400000000000000000e+01,3.225789934396744441e-01
3.500000000000000000e+01,3.067331319053968053e-01
3.600000000000000000e+01,2.891495769222577894e-01
3.700000000000000000e+01,2.796344613035519622e-01
3.800000000000000000e+01,2.630790484448273792e-01
3.900000000000000000e+01,2.524611550072828892e-01
4.000000000000000000e+01,2.425863936543464772e-01
4.100000000000000000e+01,2.325381924708684045e-01
4.200000000000000000e+01,2.236239055792491326e-01
4.300000000000000000e+01,2.147532463073730802e-01
4.400000000000000000e+01,2.070893051723639022e-01
4.500000000000000000e+01,1.994244625171025798e-01
4.600000000000000000e+01,1.919606032470862200e-01
4.700000000000000000e+01,1.851842107872168075e-01
4.800000000000000000e+01,1.782212947805722481e-01
4.900000000000000000e+01,1.716807251175243854e-01
5.000000000000000000e+01,1.658224696914355756e-01
5.100000000000000000e+01,1.604842019577821244e-01
5.200000000000000000e+01,1.552569540838400763e-01
5.300000000000000000e+01,1.503089216848214615e-01
5.400000000000000000e+01,1.457757969697316691e-01
5.500000000000000000e+01,1.414250594874222611e-01
5.600000000000000000e+01,1.372498686114946853e-01
5.700000000000000000e+01,1.332114343841870607e-01
5.800000000000000000e+01,1.293145219484964914e-01
5.900000000000000000e+01,1.255335442721843831e-01
6.000000000000000000e+01,1.218302443623542480e-01
6.100000000000000000e+01,1.182844575494527845e-01
6.200000000000000000e+01,1.148149730016787967e-01
6.300000000000000000e+01,1.114363552381594930e-01
6.400000000000000000e+01,1.081701764216025652e-01
6.500000000000000000e+01,1.050070069730282135e-01
6.600000000000000000e+01,1.019671067595481900e-01
6.700000000000000000e+01,9.923124139507616404e-02
6.800000000000000000e+01,9.663373939692973535e-02
6.900000000000000000e+01,9.411250427365301652e-02
7.000000000000000000e+01,9.164391135176019887e-02
7.100000000000000000e+01,8.923500254750252325e-02
7.200000000000000000e+01,8.691317637761432346e-02
7.300000000000000000e+01,8.462926621238389679e-02
7.400000000000000000e+01,8.242616852124530491e-02
7.500000000000000000e+01,8.027450094620382226e-02
7.600000000000000000e+01,7.818438199659188959e-02
7.700000000000000000e+01,7.614620315531889228e-02
7.800000000000000000e+01,7.416624339918297115e-02
7.900000000000000000e+01,7.223655618727208017e-02
8.000000000000000000e+01,7.035849094390869696e-02
8.100000000000000000e+01,6.853301314016183032e-02
8.200000000000000000e+01,6.675477636357149414e-02
8.300000000000000000e+01,6.506366034348806671e-02
8.400000000000000000e+01,6.351531129330396930e-02
8.500000000000000000e+01,6.200853542735177554e-02
8.600000000000000000e+01,6.054399168739716536e-02
8.700000000000000000e+01,5.911566422631341772e-02
8.800000000000000000e+01,5.771976957718531753e-02
8.900000000000000000e+01,5.635800609985986559e-02
9.000000000000000000e+01,5.503095096598071417e-02
9.100000000000000000e+01,5.373769979923961881e-02
9.200000000000000000e+01,5.247379497935374809e-02
9.300000000000000000e+01,5.124224089086054645e-02
9.400000000000000000e+01,5.004824412365754815e-02
9.500000000000000000e+01,4.887157970418531949e-02
9.600000000000000000e+01,4.773040128250916753e-02
9.700000000000000000e+01,4.661145800103744241e-02
9.800000000000000000e+01,4.552856727192799990e-02
9.900000000000000000e+01,4.446550731857617372e-02
1.000000000000000000e+02,4.347488066802423362e-02
1.010000000000000000e+02,4.253944947073858007e-02
1.020000000000000000e+02,4.162647177775700980e-02
1.030000000000000000e+02,4.073173763851324625e-02
1.040000000000000000e+02,3.985464976479610039e-02
1.050000000000000000e+02,3.900728144993385188e-02
1.060000000000000000e+02,3.818149815003077374e-02
1.070000000000000000e+02,3.736176546663044773e-02
1.080000000000000000e+02,3.656717979659637741e-02
1.090000000000000000e+02,3.579112881173689836e-02
1.100000000000000000e+02,3.503498304635285776e-02
1.110000000000000000e+02,3.429525041331846213e-02
1.120000000000000000e+02,3.357271223018565981e-02
1.130000000000000000e+02,3.286669123917818069e-02
1.140000000000000000e+02,3.218150536219278185e-02
1.150000000000000000e+02,3.151064732422432374e-02
1.160000000000000000e+02,3.085482229168217891e-02
1.170000000000000000e+02,3.023774983982245243e-02
1.180000000000000000e+02,2.965257018804549893e-02
1.190000000000000000e+02,2.907726134484013916e-02
1.200000000000000000e+02,2.851154316837589686e-02
1.210000000000000000e+02,2.796259655927617674e-02
1.220000000000000000e+02,2.743009865904847550e-02
1.230000000000000000e+02,2.690077694132924496e-02
1.240000000000000000e+02,2.639627903699874253e-02
1.250000000000000000e+02,2.588899877543251321e-02
1.260000000000000000e+02,2.539673435191313472e-02
1.270000000000000000e+02,2.491904658575852874e-02
1.280000000000000000e+02,2.444604250291983541e-02
1.290000000000000000e+02,2.399501117567221301e-02
1.300000000000000000e+02,2.353877238929271559e-02
1.310000000000000000e+02,2.310720017800728734e-02
1.320000000000000000e+02,2.267924773817260251e-02
1.330000000000000000e+02,2.226980617269873342e-02
1.340000000000000000e+02,2.188144720469912055e-02
1.350000000000000000e+02,2.150355412935217245e-02
1.360000000000000000e+02,2.113175811246036789e-02
1.370000000000000000e+02,2.077711246286828919e-02
1.380000000000000000e+02,2.042251629754900794e-02
1.390000000000000000e+02,2.007787416999539179e-02
1.400000000000000000e+02,1.973645339409509786e-02
1.410000000000000000e+02,1.940748126556475495e-02
1.420000000000000000e+02,1.908469128732879355e-02
1.430000000000000000e+02,1.877453358223040922e-02
1.440000000000000000e+02,1.845878803481658392e-02
1.450000000000000000e+02,1.816290952265262396e-02
1.460000000000000000e+02,1.786564247061809760e-02
1.470000000000000000e+02,1.758014758427938265e-02
1.480000000000000000e+02,1.729491573447982863e-02
1.490000000000000000e+02,1.701760198920964848e-02
1.500000000000000000e+02,1.675334367901087224e-02
1.510000000000000000e+02,1.651640015964707039e-02
1.520000000000000000e+02,1.626276024617255567e-02
1.530000000000000000e+02,1.602792494619885433e-02
1.540000000000000000e+02,1.580117043728629031e-02
1.550000000000000000e+02,1.556232736135522259e-02
1.560000000000000000e+02,1.534259100444614922e-02
1.570000000000000000e+02,1.512916777282953713e-02
1.580000000000000000e+02,1.491118365277846469e-02
1.590000000000000000e+02,1.471643300416569135e-02
1.600000000000000000e+02,1.450185499464472054e-02
1.610000000000000000e+02,1.430175874071816684e-02
1.620000000000000000e+02,1.411732682026922529e-02
1.630000000000000000e+02,1.392332166433334420e-02
1.640000000000000000e+02,1.374471311767895901e-02
1.650000000000000000e+02,1.356993106504281003e-02
1.660000000000000000e+02,1.339210209747154941e-02
1.670000000000000000e+02,1.321286375944813116e-02
1.680000000000000000e+02,1.305842135722438610e-02
1.690000000000000000e+02,1.290647319207588462e-02
1.700000000000000000e+02,1.275034233306844914e-02
1.710000000000000000e+02,1.260453468809525322e-02
1.720000000000000000e+02,1.245835530571639746e-02
1.730000000000000000e+02,1.231878483667969704e-02
1.740000000000000000e+02,1.218419820070266654e-02
1.750000000000000000e+02,1.205716170370578488e-02
1.760000000000000000e+02,1.192136051443715844e-02
1.770000000000000000e+02,1.179183460772037506e-02
1.780000000000000000e+02,1.167556761453548628e-02
1.790000000000000000e+02,1.154169505462050369e-02
1.800000000000000000e+02,1.143128597177564716e-02
1.810000000000000000e+02,1.131682214327156717e-02
1.820000000000000000e+02,1.121712285093963077e-02
1.830000000000000000e+02,1.109680890416105993e-02
1.840000000000000000e+02,1.099661074889203040e-02
1.850000000000000000e+02,1.090840521889428066e-02
1.860000000000000000e+02,1.080816028018792389e-02
1.870000000000000000e+02,1.071287176261345557e-02
1.880000000000000000e+02,1.062349040682117156e-02
1.890000000000000000e+02,1.054496134941776755e-02
1.900000000000000000e+02,1.046500955708324666e-02
1.910000000000000000e+02,1.037654608177642108e-02
1.920000000000000000e+02,1.029483280144631759e-02
1.930000000000000000e+02,1.022549932822585349e-02
1.940000000000000000e+02,1.015240723888079753e-02
1.950000000000000000e+02,1.008907769185801717e-02
1.960000000000000000e+02,1.000733903298775367e-02
1.970000000000000000e+02,9.945764656489098493e-03
1.980000000000000000e+02,9.880994182700908804e-03
1.990000000000000000e+02,9.831460642938811764e-03
2.000000000000000000e+02,9.755317385618881773e-03
2.010000000000000000e+02,9.701143903657795040e-03
2.020000000000000000e+02,9.645777521654963493e-03
2.030000000000000000e+02,9.599302258963385986e-03
2.040000000000000000e+02,9.558261636023719990e-03
2.050000000000000000e+02,9.494358099376161431e-03
2.060000000000000000e+02,9.452863177284597310e-03
2.070000000000000000e+02,9.414040592188636924e-03
2.080000000000000000e+02,9.363549870128429903e-03
2.090000000000000000e+02,9.328193279604114416e-03
2.100000000000000000e+02,9.291746296609443637e-03
2.110000000000000000e+02,9.256245653765893602e-03
2.120000000000000000e+02,9.212423519541820122e-03
2.130000000000000000e+02,9.183720817478995338e-03
2.140000000000000000e+02,9.149887661139170097e-03
2.150000000000000000e+02,9.119656270680325666e-03
2.160000000000000000e+02,9.092751075513660908e-03
2.170000000000000000e+02,9.052526128167906819e-03
2.180000000000000000e+02,9.029161006522679056e-03
2.190000000000000000e+02,9.000311877268058966e-03
2.200000000000000000e+02,8.982850533599652867e-03
2.210000000000000000e+02,8.963039152634638337e-03
2.220000000000000000e+02,8.942509915990133965e-03
2.230000000000000000e+02,8.916815991202991024e-03
2.240000000000000000e+02,8.898531668819485360e-03
2.250000000000000000e+02,8.887097045468785039e-03
2.260000000000000000e+02,8.863529151615999468e-03
2.270000000000000000e+02,8.856057158360880477e-03
2.280000000000000000e+02,8.830591547302903133e-03
2.290000000000000000e+02,8.818838815204801951e-03
2.300000000000000000e+02,8.807883597910404205e-03
2.310000000000000000e+02,8.788692027640836527e-03
2.320000000000000000e+02,8.777057596792777958e-03
2.330000000000000000e+02,8.765942649915816134e-03
2.340000000000000000e+02,8.746325938651959217e-03
2.350000000000000000e+02,8.749165238502124020e-03
2.360000000000000000e+02,8.731098845601083583e-03
2.370000000000000000e+02,8.717276458628474972e-03
2.380000000000000000e+02,8.715889626182617145e-03
2.390000000000000000e+02,8.712800840536752758e-03
2.400000000000000000e+02,8.705536734002330967e-03
2.410000000000000000e+02,8.707843860611319889e-03
2.420000000000000000e+02,8.689652786900599335e-03
2.430000000000000000e+02,8.677422379453979262e-03
2.440000000000000000e+02,8.682458498515184531e-03
2.450000000000000000e+02,8.676061274794241718e-03
2.460000000000000000e+02,8.674090246980389884e-03
2.470000000000000000e+02,8.669960172846916460e-03
2.480000000000000000e+02,8.663106942549349612e-03
2.490000000000000000e+02,8.664749291104573842e-03
2.500000000000000000e+02,8.652384936188660391e-03
2.510000000000000000e+02,8.665402986419696793e-03
2.520000000000000000e+02,8.654465860066313382e-03
2.530000000000000000e+02,8.643673034384843218e-03
2.540000000000000000e+02,8.642306760884817599e-03
2.550000000000000000e+02,8.640461647883060023e-03
2.560000000000000000e+02,8.635999658145007349e-03
2.570000000000000000e+02,8.646572202754519709e-03
2.580000000000000000e+02,8.645933509493866978e-03
2.590000000000000000e+02,8.643542455198863564e-03
2.600000000000000000e+02,8.632895575525861148e-03
2.610000000000000000e+02,8.639281087865432335e-03
2.620000000000000000e+02,8.639117524338263757e-03
2.630000000000000000e+02,8.631444730175042226e-03
2.640000000000000000e+02,8.649735517489414577e-03
2.650000000000000000e+02,8.636991501164930848e-03
2.660000000000000000e+02,8.634875070614117173e-03
2.670000000000000000e+02,8.639950864017007653e-03
2.680000000000000000e+02,8.632318365077176758e-03
2.690000000000000000e+02,8.643559180200098210e-03
2.700000000000000000e+02,8.627820379721620053e-03
2.710000000000000000e+02,8.642299605223039208e-03
2.720000000000000000e+02,8.643472637049856577e-03
2.730000000000000000e+02,8.638136352722843372e-03
2.740000000000000000e+02,8.632037074615558914e-03
2.750000000000000000e+02,8.631434796067576770e-03
2.760000000000000000e+02,8.635906820806364334e-03
2.770000000000000000e+02,8.636553213000296159e-03
2.780000000000000000e+02,8.630938859035567831e-03
2.790000000000000000e+02,8.636840991675855811e-03
2.800000000000000000e+02,8.640598102162281441e-03
2.810000000000000000e+02,8.640649138639369328e-03
2.820000000000000000e+02,8.645769651047883336e-03
2.830000000000000000e+02,8.646085578948258660e-03
2.840000000000000000e+02,8.628185442648829070e-03
2.850000000000000000e+02,8.641663480860494601e-03
2.860000000000000000e+02,8.630871159645418442e-03
2.870000000000000000e+02,8.635369082912803737e-03
2.880000000000000000e+02,8.630399475805463141e-03
2.890000000000000000e+02,8.632271372092268844e-03
2.900000000000000000e+02,8.643119021629293297e-03
2.910000000000000000e+02,8.632833704662817159e-03
2.920000000000000000e+02,8.629908187625311491e-03
2.930000000000000000e+02,8.635304759566983859e-03
2.940000000000000000e+02,8.635166900542877791e-03
2.950000000000000000e+02,8.651191461831330906e-03
2.960000000000000000e+02,8.635414539215466659e-03
2.970000000000000000e+02,8.640939866503077882e-03
2.980000000000000000e+02,8.629468036815524101e-03
2.990000000000000000e+02,8.641681424342096199e-03
