0.000000000000000000e+00,3.516100419026155222e-01
1.000000000000000000e+00,3.341522600559086453e-01
2.000000000000000000e+00,3.333263824536250586e-01
3.000000000000000000e+00,3.313373898084346902e-01
4.000000000000000000e+00,3.310864450381353907e-01
5.000000000000000000e+00,3.310512836162862738e-01
6.000000000000000000e+00,3.304268172612558341e-01
7.000000000000000000e+00,3.302493525468385704e-01
8.000000000000000000e+00,3.302470679466542047e-01
9.000000000000000000e+00,3.299429268103377111e-01
1.000000000000000000e+01,3.298066118588816042e-01
1.100000000000000000e+01,3.298047087742730366e-01
1.200000000000000000e+01,3.296171335532116498e-01
1.300000000000000000e+01,3.295092253043103159e-01
1.400000000000000000e+01,3.295111038593144803e-01
1.500000000000000000e+01,3.293951049676311360e-01
1.600000000000000000e+01,3.292953425645827048e-01
1.700000000000000000e+01,3.292959051865799180e-01
1.800000000000000000e+01,3.292187235447074367e-01
1.900000000000000000e+01,3.291332525473373849e-01
2.000000000000000000e+01,3.291322997900154590e-01
2.100000000000000000e+01,3.290787097582451581e-01
2.200000000000000000e+01,3.290034491282246010e-01
2.300000000000000000e+01,3.289990991812486998e-01
2.400000000000000000e+01,3.289675288475477632e-01
2.500000000000000000e+01,3.288923483169994277e-01
2.600000000000000000e+01,3.288898603732767212e-01
2.700000000000000000e+01,3.288732235248271185e-01
2.800000000000000000e+01,3.287935553605742522e-01
2.900000000000000000e+01,3.287956970013103941e-01
3.000000000000000000e+01,3.287835873090304006e-01
3.100000000000000000e+01,3.287207058759835099e-01
3.200000000000000000e+01,3.287167042493819302e-01
3.300000000000000000e+01,3.287100893259049528e-01
3.400000000000000000e+01,3.286487388610838667e-01
3.500000000000000000e+01,3.286479043043578074e-01
3.600000000000000000e+01,3.286448948199929276e-01
3.700000000000000000e+01,3.285888111591335758e-01
3.800000000000000000e+01,3.285845509859230407e-01
3.900000000000000000e+01,3.285840737361178099e-01
4.000000000000000000e+01,3.285333245075665598e-01
4.100000000000000000e+01,3.285301416653853557e-01
4.200000000000000000e+01,3.285299440989126740e-01
4.300000000000000000e+01,3.284892400411458246e-01
4.400000000000000000e+01,3.284808758130442485e-01
4.500000000000000000e+01,3.284802703215526365e-01
4.600000000000000000e+01,3.284463250637055243e-01
4.700000000000000000e+01,3.284359516547273872e-01
4.800000000000000000e+01,3.284341216087340865e-01
4.900000000000000000e+01,3.284076382105171055e-01
5.000000000000000000e+01,3.283962189692717915e-01
5.100000000000000000e+01,3.283943189565948773e-01
5.200000000000000000e+01,3.283727593146837931e-01
5.300000000000000000e+01,3.283580351792850793e-01
5.400000000000000000e+01,3.283588271874649522e-01
5.500000000000000000e+01,3.283396998735575445e-01
5.600000000000000000e+01,3.283244498876426998e-01
5.700000000000000000e+01,3.283239012498122000e-01
5.800000000000000000e+01,3.283102876864942843e-01
5.900000000000000000e+01,3.282939864580444733e-01
6.000000000000000000e+01,3.282916737519779860e-01
6.100000000000000000e+01,3.282823127049666612e-01
6.200000000000000000e+01,3.282633137702942183e-01
6.300000000000000000e+01,3.282628332651579273e-01
6.400000000000000000e+01,3.282553415573556399e-01
6.500000000000000000e+01,3.282353423191949338e-01
6.600000000000000000e+01,3.282349824905395619e-01
6.700000000000000000e+01,3.282308563819298364e-01
6.800000000000000000e+01,3.282104837894438409e-01
6.900000000000000000e+01,3.282105090067936604e-01
7.000000000000000000e+01,3.282069002665005675e-01
7.100000000000000000e+01,3.281873979476782055e-01
7.200000000000000000e+01,3.281863545912964697e-01
7.300000000000000000e+01,3.281841818185952109e-01
7.400000000000000000e+01,3.281643793216119098e-01
7.500000000000000000e+01,3.281631905757465550e-01
7.600000000000000000e+01,3.281624469390282406e-01
7.700000000000000000e+01,3.281419757696300565e-01
7.800000000000000000e+01,3.281412200285839798e-01
7.900000000000000000e+01,3.281408725793542591e-01
8.000000000000000000e+01,3.281234634839572117e-01
8.100000000000000000e+01,3.281209275355706501e-01
8.200000000000000000e+01,3.281209374849612948e-01
8.300000000000000000e+01,3.281053567849674391e-01
8.400000000000000000e+01,3.281033030840067588e-01
8.500000000000000000e+01,3.281018737187751944e-01
8.600000000000000000e+01,3.280898322967381042e-01
8.700000000000000000e+01,3.280838649089521386e-01
8.800000000000000000e+01,3.280837071400422023e-01
8.900000000000000000e+01,3.280723705658548095e-01
9.000000000000000000e+01,3.280668329734065525e-01
9.100000000000000000e+01,3.280663573741916528e-01
9.200000000000000000e+01,3.280563570444401389e-01
9.300000000000000000e+01,3.280492295668674951e-01
9.400000000000000000e+01,3.280497057621297174e-01
9.500000000000000000e+01,3.280420083724536195e-01
9.600000000000000000e+01,3.280343041511682989e-01
9.700000000000000000e+01,3.280346914896599686e-01
9.800000000000000000e+01,3.280267261083310570e-01
9.900000000000000000e+01,3.280192503103844803e-01
1.000000000000000000e+02,3.280192718139063324e-01
1.010000000000000000e+02,3.280142631439064704e-01
1.020000000000000000e+02,3.280060608111894371e-01
1.030000000000000000e+02,3.280061174814515312e-01
1.040000000000000000e+02,3.280015291158967505e-01
1.050000000000000000e+02,3.279917343304707411e-01
1.060000000000000000e+02,3.279909147207552556e-01
1.070000000000000000e+02,3.279895004859335050e-01
1.080000000000000000e+02,3.279780650138853781e-01
1.090000000000000000e+02,3.279779431911614140e-01
1.100000000000000000e+02,3.279762180951925621e-01
1.110000000000000000e+02,3.279657912254332341e-01
1.120000000000000000e+02,3.279653055851277643e-01
1.130000000000000000e+02,3.279632535347569156e-01
1.140000000000000000e+02,3.279530924558635707e-01
1.150000000000000000e+02,3.279529163929132962e-01
1.160000000000000000e+02,3.279529846173067642e-01
1.170000000000000000e+02,3.279414671659471869e-01
1.180000000000000000e+02,3.279408879921984488e-01
1.190000000000000000e+02,3.279405610836466645e-01
1.200000000000000000e+02,3.279301984035052353e-01
1.210000000000000000e+02,3.279299349968251009e-01
1.220000000000000000e+02,3.279294055700301969e-01
1.230000000000000000e+02,3.279200094479779448e-01
1.240000000000000000e+02,3.279184923263698814e-01
1.250000000000000000e+02,3.279184481730829104e-01
1.260000000000000000e+02,3.279100546470053446e-01
1.270000000000000000e+02,3.279077428579328934e-01
1.280000000000000000e+02,3.279079094299903185e-01
1.290000000000000000e+02,3.279008881862350844e-01
1.300000000000000000e+02,3.278969610654391409e-01
1.310000000000000000e+02,3.278975108495124080e-01
1.320000000000000000e+02,3.278915475882017150e-01
1.330000000000000000e+02,3.278878117066162390e-01
1.340000000000000000e+02,3.278877624181600892e-01
1.350000000000000000e+02,3.278830954203237891e-01
1.360000000000000000e+02,3.278782077936026051e-01
1.370000000000000000e+02,3.278781334711954876e-01
1.380000000000000000e+02,3.278739445943095188e-01
1.390000000000000000e+02,3.278693031806212410e-01
1.400000000000000000e+02,3.278694109274792878e-01
1.410000000000000000e+02,3.278658073223553182e-01
1.420000000000000000e+02,3.278604097091235570e-01
1.430000000000000000e+02,3.278600695958504563e-01
1.440000000000000000e+02,3.278577675727697427e-01
1.450000000000000000e+02,3.278515513126669667e-01
1.460000000000000000e+02,3.278510660850083025e-01
1.470000000000000000e+02,3.278498960916814697e-01
1.480000000000000000e+02,3.278432566844497464e-01
1.490000000000000000e+02,3.278429295466495086e-01
1.500000000000000000e+02,3.278419266755763783e-01
1.510000000000000000e+02,3.278350669604078726e-01
1.520000000000000000e+02,3.278347810873615820e-01
1.530000000000000000e+02,3.278341246109741092e-01
1.540000000000000000e+02,3.278270036440630308e-01
1.550000000000000000e+02,3.278266205237460595e-01
1.560000000000000000e+02,3.278265878328909810e-01
1.570000000000000000e+02,3.278190633883845129e-01
1.580000000000000000e+02,3.278188577065102582e-01
1.590000000000000000e+02,3.278186659629528377e-01
1.600000000000000000e+02,3.278116523302518348e-01
1.610000000000000000e+02,3.278113000668010923e-01
1.620000000000000000e+02,3.278109871424161326e-01
1.630000000000000000e+02,3.278050535458782999e-01
1.640000000000000000e+02,3.278038395368133573e-01
1.650000000000000000e+02,3.278037422895432318e-01
1.660000000000000000e+02,3.277986040482155916e-01
1.670000000000000000e+02,3.277966706569379052e-01
1.680000000000000000e+02,3.277967008260582182e-01
1.690000000000000000e+02,3.277919834393720477e-01
1.700000000000000000e+02,3.277895225928382228e-01
1.710000000000000000e+02,3.277895410702780232e-01
1.720000000000000000e+02,3.277854325221132847e-01
1.730000000000000000e+02,3.277827045550716911e-01
1.740000000000000000e+02,3.277827976758662665e-01
1.750000000000000000e+02,3.277795774203079993e-01
1.760000000000000000e+02,3.277761983871458895e-01
1.770000000000000000e+02,3.277761803223536163e-01
1.780000000000000000e+02,3.277734502920740534e-01
1.790000000000000000e+02,3.277695917166198458e-01
1.800000000000000000e+02,3.277697703930048667e-01
1.810000000000000000e+02,3.277673497566810368e-01
1.820000000000000000e+02,3.277636207984044314e-01
1.830000000000000000e+02,3.277634651844316127e-01
1.840000000000000000e+02,3.277619178478532458e-01
1.850000000000000000e+02,3.277574949539624471e-01
1.860000000000000000e+02,3.277573846853694683e-01
1.870000000000000000e+02,3.277562497670833963e-01
1.880000000000000000e+02,3.277511819967853790e-01
1.890000000000000000e+02,3.277512354117170235e-01
1.900000000000000000e+02,3.277504003506438446e-01
1.910000000000000000e+02,3.277455128156216979e-01
1.920000000000000000e+02,3.277453977328078638e-01
1.930000000000000000e+02,3.277446975157810583e-01
1.940000000000000000e+02,3.277395138373742633e-01
1.950000000000000000e+02,3.277395313519697040e-01
1.960000000000000000e+02,3.277392544196198743e-01
1.970000000000000000e+02,3.277340893103523056e-01
1.980000000000000000e+02,3.277339118260603201e-01
1.990000000000000000e+02,3.277337770737132616e-01
2.000000000000000000e+02,3.277283777640418450e-01
2.010000000000000000e+02,3.277281519999867831e-01
2.020000000000000000e+02,3.277282323745580039e-01
2.030000000000000000e+02,3.277233617580854741e-01
2.040000000000000000e+02,3.277228913857390680e-01
2.050000000000000000e+02,3.277226823568344383e-01
2.060000000000000000e+02,3.277187830668228941e-01
2.070000000000000000e+02,3.277175190815558858e-01
2.080000000000000000e+02,3.277174597978592119e-01
2.090000000000000000e+02,3.277139530273583956e-01
2.100000000000000000e+02,3.277121704358318954e-01
2.110000000000000000e+02,3.277122797415805144e-01
2.120000000000000000e+02,3.277093968024618609e-01
2.130000000000000000e+02,3.277071388409686370e-01
2.140000000000000000e+02,3.277071940898891311e-01
2.150000000000000000e+02,3.277047556638719716e-01
2.160000000000000000e+02,3.277023904598679316e-01
2.170000000000000000e+02,3.277023798685806399e-01
2.180000000000000000e+02,3.277003064980876790e-01
2.190000000000000000e+02,3.276974045313321149e-01
2.200000000000000000e+02,3.276975364868458529e-01
2.210000000000000000e+02,3.276957637988605065e-01
2.220000000000000000e+02,3.276926975066843384e-01
2.230000000000000000e+02,3.276927380836924253e-01
2.240000000000000000e+02,3.276914691925048584e-01
2.250000000000000000e+02,3.276881389893017693e-01
2.260000000000000000e+02,3.276879709042034849e-01
2.270000000000000000e+02,3.276873275866873381e-01
2.280000000000000000e+02,3.276835144024629054e-01
2.290000000000000000e+02,3.276834336610939813e-01
2.300000000000000000e+02,3.276829218405944433e-01
2.310000000000000000e+02,3.276791513883147711e-01
2.320000000000000000e+02,3.276788697334437339e-01
2.330000000000000000e+02,3.276784780850774959e-01
2.340000000000000000e+02,3.276747449544759605e-01
2.350000000000000000e+02,3.276744376696071881e-01
2.360000000000000000e+02,3.276743752681290922e-01
2.370000000000000000e+02,3.276701999169129298e-01
2.380000000000000000e+02,3.276701642916753365e-01
2.390000000000000000e+02,3.276700272468420216e-01
2.400000000000000000e+02,3.276659689499779038e-01
2.410000000000000000e+02,3.276657874309100715e-01
2.420000000000000000e+02,3.276657149883416831e-01
2.430000000000000000e+02,3.276620417833327470e-01
2.440000000000000000e+02,3.276615985081745563e-01
2.450000000000000000e+02,3.276614784277404047e-01
2.460000000000000000e+02,3.276584329513404503e-01
2.470000000000000000e+02,3.276573709799694423e-01
2.480000000000000000e+02,3.276573602511332339e-01
2.490000000000000000e+02,3.276546957401128557e-01
2.500000000000000000e+02,3.276531820113842142e-01
2.510000000000000000e+02,3.276532910420343336e-01
2.520000000000000000e+02,3.276510025904728618e-01
2.530000000000000000e+02,3.276493538801487637e-01
2.540000000000000000e+02,3.276493963369955797e-01
2.550000000000000000e+02,3.276475900411607300e-01
2.560000000000000000e+02,3.276454037427902199e-01
2.570000000000000000e+02,3.276454414312656160e-01
2.580000000000000000e+02,3.276437444870288762e-01
2.590000000000000000e+02,3.276415332922568147e-01
2.600000000000000000e+02,3.276416228367733385e-01
2.610000000000000000e+02,3.276402733876153661e-01
2.620000000000000000e+02,3.276380468790347500e-01
2.630000000000000000e+02,3.276379234515703898e-01
2.640000000000000000e+02,3.276368361253007011e-01
2.650000000000000000e+02,3.276343637704847711e-01
2.660000000000000000e+02,3.276341945849930992e-01
2.670000000000000000e+02,3.276336325131931626e-01
2.680000000000000000e+02,3.276305686510525561e-01
2.690000000000000000e+02,3.276305309167275581e-01
2.700000000000000000e+02,3.276300008021869048e-01
2.710000000000000000e+02,3.276270804955410676e-01
2.720000000000000000e+02,3.276268859551504931e-01
2.730000000000000000e+02,3.276264977455142224e-01
2.740000000000000000e+02,3.276234871149062977e-01
2.750000000000000000e+02,3.276234245758790631e-01
2.760000000000000000e+02,3.276233164163737666e-01
2.770000000000000000e+02,3.276198430703236020e-01
2.780000000000000000e+02,3.276198397232936710e-01
2.790000000000000000e+02,3.276197949281105526e-01
2.800000000000000000e+02,3.276165488591556985e-01
2.810000000000000000e+02,3.276164120435711702e-01
2.820000000000000000e+02,3.276163942997270540e-01
2.830000000000000000e+02,3.276133254858159538e-01
2.840000000000000000e+02,3.276129519939421364e-01
2.850000000000000000e+02,3.276129645109175370e-01
2.860000000000000000e+02,3.276104719363724938e-01
2.870000000000000000e+02,3.276095984073785772e-01
2.880000000000000000e+02,3.276095716769877320e-01
2.890000000000000000e+02,3.276073957865053843e-01
2.900000000000000000e+02,3.276062688460716354e-01
2.910000000000000000e+02,3.276062550911534865e-01
2.920000000000000000e+02,3.276044055590262016e-01
2.930000000000000000e+02,3.276031720638273859e-01
2.940000000000000000e+02,3.276030878837291604e-01
2.950000000000000000e+02,3.276017356835878025e-01
2.960000000000000000e+02,3.275997994037774808e-01
2.970000000000000000e+02,3.275999194383620305e-01
2.980000000000000000e+02,3.275985255608193092e-01
2.990000000000000000e+02,3.275967823083589803e-01
