0.000000000000000000e+00,3.523231550821888658e-01
1.000000000000000000e+00,3.386378877896529804e-01
2.000000000000000000e+00,3.375182959666617744e-01
3.000000000000000000e+00,3.354670602541702795e-01
4.000000000000000000e+00,3.352068168383377511e-01
5.000000000000000000e+00,3.351576853715454440e-01
6.000000000000000000e+00,3.345228148882207209e-01
7.000000000000000000e+00,3.343178057670593284e-01
8.000000000000000000e+00,3.343011011527132759e-01
9.000000000000000000e+00,3.339787611136068035e-01
1.000000000000000000e+01,3.338372091605111280e-01
1.100000000000000000e+01,3.338304332127938201e-01
1.200000000000000000e+01,3.336416944173666299e-01
1.300000000000000000e+01,3.335242429604897141e-01
1.400000000000000000e+01,3.335199232743337183e-01
1.500000000000000000e+01,3.334029077108089378e-01
1.600000000000000000e+01,3.333029753886736501e-01
1.700000000000000000e+01,3.332968066747373226e-01
1.800000000000000000e+01,3.332176400147953133e-01
1.900000000000000000e+01,3.331307055858466759e-01
2.000000000000000000e+01,3.331252746857128466e-01
2.100000000000000000e+01,3.330714004773361880e-01
2.200000000000000000e+01,3.329923953918308976e-01
2.300000000000000000e+01,3.329905477395422864e-01
2.400000000000000000e+01,3.329593605261582101e-01
2.500000000000000000e+01,3.328789674777248297e-01
2.600000000000000000e+01,3.328783262692965872e-01
2.700000000000000000e+01,3.328609265272434170e-01
2.800000000000000000e+01,3.327867794953857095e-01
2.900000000000000000e+01,3.327848228582971912e-01
3.000000000000000000e+01,3.327720967622901926e-01
3.100000000000000000e+01,3.327086118092902889e-01
3.200000000000000000e+01,3.327042064299952639e-01
3.300000000000000000e+01,3.326966968407998881e-01
3.400000000000000000e+01,3.326379196918927694e-01
3.500000000000000000e+01,3.326366513509015910e-01
3.600000000000000000e+01,3.326333428346194832e-01
3.700000000000000000e+01,3.325762847295173907e-01
3.800000000000000000e+01,3.325731641054152643e-01
3.900000000000000000e+01,3.325719234118094669e-01
4.000000000000000000e+01,3.325216241983262599e-01
4.100000000000000000e+01,3.325182110071182029e-01
4.200000000000000000e+01,3.325187364908364640e-01
4.300000000000000000e+01,3.324749048398091822e-01
4.400000000000000000e+01,3.324674278039200237e-01
4.500000000000000000e+01,3.324683614419057243e-01
4.600000000000000000e+01,3.324359584313172356e-01
4.700000000000000000e+01,3.324233897832724605e-01
4.800000000000000000e+01,3.324234328820154238e-01
4.900000000000000000e+01,3.323983628474748153e-01
5.000000000000000000e+01,3.323833891520133199e-01
5.100000000000000000e+01,3.323829454183576115e-01
5.200000000000000000e+01,3.323615009968098333e-01
5.300000000000000000e+01,3.323451590996520100e-01
5.400000000000000000e+01,3.323463592620997109e-01
5.500000000000000000e+01,3.323271931134739177e-01
5.600000000000000000e+01,3.323115884340726023e-01
5.700000000000000000e+01,3.323101298167157047e-01
5.800000000000000000e+01,3.322961766903217984e-01
5.900000000000000000e+01,3.322805334513004860e-01
6.000000000000000000e+01,3.322793071086593830e-01
6.100000000000000000e+01,3.322689690956704966e-01
6.200000000000000000e+01,3.322499268330062483e-01
6.300000000000000000e+01,3.322502700640604378e-01
6.400000000000000000e+01,3.322436393682772215e-01
6.500000000000000000e+01,3.322219027005707259e-01
6.600000000000000000e+01,3.322238858846516263e-01
6.700000000000000000e+01,3.322189361774005034e-01
6.800000000000000000e+01,3.321976580986608640e-01
6.900000000000000000e+01,3.321971924488362204e-01
7.000000000000000000e+01,3.321934655079473719e-01
7.100000000000000000e+01,3.321737976716114260e-01
7.200000000000000000e+01,3.321734427488766683e-01
7.300000000000000000e+01,3.321716245779624543e-01
7.400000000000000000e+01,3.321526230757055331e-01
7.500000000000000000e+01,3.321502769910372188e-01
7.600000000000000000e+01,3.321493638020298622e-01
7.700000000000000000e+01,3.321300436900213593e-01
7.800000000000000000e+01,3.321297928461663385e-01
7.900000000000000000e+01,3.321287510945247212e-01
8.000000000000000000e+01,3.321102059804476037e-01
8.100000000000000000e+01,3.321090664313390284e-01
8.200000000000000000e+01,3.321095548684780963e-01
8.300000000000000000e+01,3.320928770303724353e-01
8.400000000000000000e+01,3.320896151432625176e-01
8.500000000000000000e+01,3.320893748906944554e-01
8.600000000000000000e+01,3.320768822156465183e-01
8.700000000000000000e+01,3.320718775345731233e-01
8.800000000000000000e+01,3.320717267806712059e-01
8.900000000000000000e+01,3.320597898960110372e-01
9.000000000000000000e+01,3.320549628826287014e-01
9.100000000000000000e+01,3.320541465740935450e-01
9.200000000000000000e+01,3.320448452692766339e-01
9.300000000000000000e+01,3.320381469451466061e-01
9.400000000000000000e+01,3.320369146420404927e-01
9.500000000000000000e+01,3.320301810594709635e-01
9.600000000000000000e+01,3.320223426360349728e-01
9.700000000000000000e+01,3.320222092133299774e-01
9.800000000000000000e+01,3.320158300949978547e-01
9.900000000000000000e+01,3.320072560126963168e-01
1.000000000000000000e+02,3.320070319909312340e-01
1.010000000000000000e+02,3.320016095271475787e-01
1.020000000000000000e+02,3.319926202297210915e-01
1.030000000000000000e+02,3.319926148653030151e-01
1.040000000000000000e+02,3.319892737957146345e-01
1.050000000000000000e+02,3.319788582508381158e-01
1.060000000000000000e+02,3.319787774177697104e-01
1.070000000000000000e+02,3.319771049572871058e-01
1.080000000000000000e+02,3.319648663814249168e-01
1.090000000000000000e+02,3.319655484878099028e-01
1.100000000000000000e+02,3.319639182090760587e-01
1.110000000000000000e+02,3.319529402714511690e-01
1.120000000000000000e+02,3.319534731369751523e-01
1.130000000000000000e+02,3.319515260366293075e-01
1.140000000000000000e+02,3.319408235641624905e-01
1.150000000000000000e+02,3.319410189756983320e-01
1.160000000000000000e+02,3.319404873939661438e-01
1.170000000000000000e+02,3.319287808583332722e-01
1.180000000000000000e+02,3.319288770510598341e-01
1.190000000000000000e+02,3.319289748026774678e-01
1.200000000000000000e+02,3.319181514703311575e-01
1.210000000000000000e+02,3.319174297956319353e-01
1.220000000000000000e+02,3.319169334723398590e-01
1.230000000000000000e+02,3.319078216185937236e-01
1.240000000000000000e+02,3.319066231984358351e-01
1.250000000000000000e+02,3.319069601480776899e-01
1.260000000000000000e+02,3.318986122424786300e-01
1.270000000000000000e+02,3.318956431975732535e-01
1.280000000000000000e+02,3.318959720776631928e-01
1.290000000000000000e+02,3.318890821933747626e-01
1.300000000000000000e+02,3.318856930274229899e-01
1.310000000000000000e+02,3.318856707444559073e-01
1.320000000000000000e+02,3.318801116484864089e-01
1.330000000000000000e+02,3.318755617967018012e-01
1.340000000000000000e+02,3.318753764721061872e-01
1.350000000000000000e+02,3.318708564226444113e-01
1.360000000000000000e+02,3.318661644367071895e-01
1.370000000000000000e+02,3.318662671859448077e-01
1.380000000000000000e+02,3.318622667972861984e-01
1.390000000000000000e+02,3.318567734039750139e-01
1.400000000000000000e+02,3.318568251224663368e-01
1.410000000000000000e+02,3.318537615812741648e-01
1.420000000000000000e+02,3.318480060650753627e-01
1.430000000000000000e+02,3.318479704398376029e-01
1.440000000000000000e+02,3.318457694237048616e-01
1.450000000000000000e+02,3.318392048432275976e-01
1.460000000000000000e+02,3.318389339630420931e-01
1.470000000000000000e+02,3.318377396693595882e-01
1.480000000000000000e+02,3.318305180164481949e-01
1.490000000000000000e+02,3.318308325455737728e-01
1.500000000000000000e+02,3.318295940069048156e-01
1.510000000000000000e+02,3.318230535892341404e-01
1.520000000000000000e+02,3.318223034877043620e-01
1.530000000000000000e+02,3.318215371553713267e-01
1.540000000000000000e+02,3.318145728111269177e-01
1.550000000000000000e+02,3.318145518119519632e-01
1.560000000000000000e+02,3.318145854656514016e-01
1.570000000000000000e+02,3.318072360295514778e-01
1.580000000000000000e+02,3.318067391102129116e-01
1.590000000000000000e+02,3.318066415419946291e-01
1.600000000000000000e+02,3.317994226859166118e-01
1.610000000000000000e+02,3.317990645537008398e-01
1.620000000000000000e+02,3.317992058625588991e-01
1.630000000000000000e+02,3.317927211064562454e-01
1.640000000000000000e+02,3.317920012657459283e-01
1.650000000000000000e+02,3.317917355665795931e-01
1.660000000000000000e+02,3.317864215373993453e-01
1.670000000000000000e+02,3.317841245577883846e-01
1.680000000000000000e+02,3.317845589380996607e-01
1.690000000000000000e+02,3.317801285248533349e-01
1.700000000000000000e+02,3.317775172912157400e-01
1.710000000000000000e+02,3.317773699301937995e-01
1.720000000000000000e+02,3.317736189181989537e-01
1.730000000000000000e+02,3.317706730274053717e-01
1.740000000000000000e+02,3.317708447346319200e-01
1.750000000000000000e+02,3.317675905044262241e-01
1.760000000000000000e+02,3.317641652088898496e-01
1.770000000000000000e+02,3.317640862556605064e-01
1.780000000000000000e+02,3.317611495348125050e-01
1.790000000000000000e+02,3.317573738098142933e-01
1.800000000000000000e+02,3.317571945832328839e-01
1.810000000000000000e+02,3.317550777013487107e-01
1.820000000000000000e+02,3.317512461772328947e-01
1.830000000000000000e+02,3.317513190782983012e-01
1.840000000000000000e+02,3.317496114052259637e-01
1.850000000000000000e+02,3.317451538030918301e-01
1.860000000000000000e+02,3.317449807203733947e-01
1.870000000000000000e+02,3.317439675789612963e-01
1.880000000000000000e+02,3.317389519856525637e-01
1.890000000000000000e+02,3.317389779365979008e-01
1.900000000000000000e+02,3.317381645624454256e-01
1.910000000000000000e+02,3.317333031159180878e-01
1.920000000000000000e+02,3.317330468159453982e-01
1.930000000000000000e+02,3.317326634663800289e-01
1.940000000000000000e+02,3.317275360455879119e-01
1.950000000000000000e+02,3.317273683731371547e-01
1.960000000000000000e+02,3.317272520982302297e-01
1.970000000000000000e+02,3.317216976330831235e-01
1.980000000000000000e+02,3.317216536631948376e-01
1.990000000000000000e+02,3.317215684744026505e-01
2.000000000000000000e+02,3.317164202378344862e-01
2.010000000000000000e+02,3.317161130446655837e-01
2.020000000000000000e+02,3.317161628833185660e-01
2.030000000000000000e+02,3.317112818131082164e-01
2.040000000000000000e+02,3.317107106172122455e-01
2.050000000000000000e+02,3.317105551407888986e-01
2.060000000000000000e+02,3.317065001909549893e-01
2.070000000000000000e+02,3.317052929676496120e-01
2.080000000000000000e+02,3.317054298290840197e-01
2.090000000000000000e+02,3.317019169147198965e-01
2.100000000000000000e+02,3.317002517443436993e-01
2.110000000000000000e+02,3.317002626565785928e-01
2.120000000000000000e+02,3.316972799943043171e-01
2.130000000000000000e+02,3.316950432153850103e-01
2.140000000000000000e+02,3.316951038287238585e-01
2.150000000000000000e+02,3.316928609517905135e-01
2.160000000000000000e+02,3.316899973154069925e-01
2.170000000000000000e+02,3.316900294102154700e-01
2.180000000000000000e+02,3.316879182136973636e-01
2.190000000000000000e+02,3.316850584745408281e-01
2.200000000000000000e+02,3.316853486574613541e-01
2.210000000000000000e+02,3.316834538258040532e-01
2.220000000000000000e+02,3.316804453501336347e-01
2.230000000000000000e+02,3.316804431034969802e-01
2.240000000000000000e+02,3.316792201995846789e-01
2.250000000000000000e+02,3.316757137041823067e-01
2.260000000000000000e+02,3.316757247539666165e-01
2.270000000000000000e+02,3.316750328357404021e-01
2.280000000000000000e+02,3.316711045228518673e-01
2.290000000000000000e+02,3.316709897151362552e-01
2.300000000000000000e+02,3.316704248006530076e-01
2.310000000000000000e+02,3.316667009316958126e-01
2.320000000000000000e+02,3.316665152861520416e-01
2.330000000000000000e+02,3.316661378053517573e-01
2.340000000000000000e+02,3.316624142573431633e-01
2.350000000000000000e+02,3.316620937219032506e-01
2.360000000000000000e+02,3.316620005094088053e-01
2.370000000000000000e+02,3.316579601856379234e-01
2.380000000000000000e+02,3.316579388655149785e-01
2.390000000000000000e+02,3.316578056720587142e-01
2.400000000000000000e+02,3.316537141799928978e-01
2.410000000000000000e+02,3.316535016665090319e-01
2.420000000000000000e+02,3.316535637928889058e-01
2.430000000000000000e+02,3.316499295142980031e-01
2.440000000000000000e+02,3.316492370458750116e-01
2.450000000000000000e+02,3.316492425478420603e-01
2.460000000000000000e+02,3.316462984451879481e-01
2.470000000000000000e+02,3.316451555948992103e-01
2.480000000000000000e+02,3.316451279475138847e-01
2.490000000000000000e+02,3.316424569258324961e-01
2.500000000000000000e+02,3.316410063780273476e-01
2.510000000000000000e+02,3.316411589659179482e-01
2.520000000000000000e+02,3.316388405744841728e-01
2.530000000000000000e+02,3.316369761870458510e-01
2.540000000000000000e+02,3.316370329948575280e-01
2.550000000000000000e+02,3.316351522390657558e-01
2.560000000000000000e+02,3.316330816195560693e-01
2.570000000000000000e+02,3.316331145396600455e-01
2.580000000000000000e+02,3.316314819684393900e-01
2.590000000000000000e+02,3.316292551389106724e-01
2.600000000000000000e+02,3.316293228131071413e-01
2.610000000000000000e+02,3.316279387474060369e-01
2.620000000000000000e+02,3.316254127942597218e-01
2.630000000000000000e+02,3.316254663008912917e-01
2.640000000000000000e+02,3.316245344968941633e-01
2.650000000000000000e+02,3.316217847053823387e-01
2.660000000000000000e+02,3.316216706312619666e-01
2.670000000000000000e+02,3.316212952595494201e-01
2.680000000000000000e+02,3.316180644585538517e-01
2.690000000000000000e+02,3.316181387351109788e-01
2.700000000000000000e+02,3.316174943172015555e-01
2.710000000000000000e+02,3.316145210999708604e-01
2.720000000000000000e+02,3.316144955158232266e-01
2.730000000000000000e+02,3.316141229409438340e-01
2.740000000000000000e+02,3.316111652209209892e-01
2.750000000000000000e+02,3.316110096986475964e-01
2.760000000000000000e+02,3.316108574775550322e-01
2.770000000000000000e+02,3.316075896299800485e-01
2.780000000000000000e+02,3.316074705582396920e-01
2.790000000000000000e+02,3.316074415353623128e-01
2.800000000000000000e+02,3.316040849685669700e-01
2.810000000000000000e+02,3.316040171109714274e-01
2.820000000000000000e+02,3.316039684644110919e-01
2.830000000000000000e+02,3.316011082667572052e-01
2.840000000000000000e+02,3.316006086881343462e-01
2.850000000000000000e+02,3.316006288161643667e-01
2.860000000000000000e+02,3.315980123098078991e-01
2.870000000000000000e+02,3.315972248407510481e-01
2.880000000000000000e+02,3.315971827048520004e-01
2.890000000000000000e+02,3.315950080064626326e-01
2.900000000000000000e+02,3.315939028904990038e-01
2.910000000000000000e+02,3.315938808367804302e-01
2.920000000000000000e+02,3.315921420317429202e-01
2.930000000000000000e+02,3.315906692468205685e-01
2.940000000000000000e+02,3.315906630112576692e-01
2.950000000000000000e+02,3.315891657425808492e-01
2.960000000000000000e+02,3.315873971352214511e-01
2.970000000000000000e+02,3.315874679271992864e-01
2.980000000000000000e+02,3.315861128843748951e-01
2.990000000000000000e+02,3.315842868731573301e-01
